     0/299      3.4G   625/625      56.7     129.2     79.67     265.5        95 0.0003328       960         0         0         0         0         0         0         0
     1/299      3.4G   625/625     52.21     109.3     67.64     229.2        94 0.0006661       960         0         0         0         0         0         0         0
     2/299      3.4G   625/625     51.84     104.3     65.27     221.4       116 0.0009994       960         0         0         0         0         0         0         0
     3/299      3.4G   625/625      83.6     109.7     67.51     260.8       110 0.0009998       960         0         0         0         0         0         0         0
     4/299      3.4G   625/625       nan      9022       175       nan        74 0.0009998       960         0         0         0         0         0         0         0
     5/299      3.4G   625/625       nan 1.108e+04     202.9       nan       128 0.0009996       960         0         0         0         0         0         0         0
     6/299      3.4G   625/625       nan 1.106e+04     199.3       nan        99 0.0009995       960         0         0         0         0         0         0         0
     7/299      3.4G   625/625       nan 1.105e+04       203       nan       144 0.0009992       960         0         0         0         0         0         0         0
     8/299      3.4G   625/625       nan 1.105e+04     197.2       nan        87 0.0009989       960         0         0         0         0         0         0         0
     9/299      3.4G   625/625       nan  1.11e+04     200.9       nan        98 0.0009986       960         0         0         0         0         0         0         0
    10/299      3.4G   625/625       nan 1.107e+04     200.6       nan       142 0.0009982       960         0         0         0         0         0         0         0
    11/299      3.4G   625/625       nan 1.109e+04     201.5       nan        95 0.0009978       960         0         0         0         0         0         0         0
    12/299      3.4G   625/625       nan 1.108e+04     204.3       nan        92 0.0009973       960         0         0         0         0         0         0         0
